{
 "cells": [
  {
   "cell_type": "code",
   "execution_count": 6,
   "id": "a8976236",
   "metadata": {},
   "outputs": [
    {
     "name": "stdout",
     "output_type": "stream",
     "text": [
      "Gram matrix:\n",
      " [[118.07871053   7.450451    -9.4358687    1.59109352   2.30481905]\n",
      " [  7.450451   120.02737482  20.53075358  -1.52140255  -2.37076287]\n",
      " [ -9.4358687   20.53075358 110.48526459  -2.85510363  -6.79651938]\n",
      " [  1.59109352  -1.52140255  -2.85510363  83.26061688  -1.72913585]\n",
      " [  2.30481905  -2.37076287  -6.79651938  -1.72913585 116.5845992 ]]\n",
      "Cosine similarity:\n",
      " [[ 1.          0.06258303 -0.08261215  0.01604686  0.01964402]\n",
      " [ 0.06258303  1.          0.17828408 -0.01521893 -0.02004137]\n",
      " [-0.08261215  0.17828408  1.         -0.02976802 -0.05988441]\n",
      " [ 0.01604686 -0.01521893 -0.02976802  1.         -0.01755047]\n",
      " [ 0.01964402 -0.02004137 -0.05988441 -0.01755047  1.        ]]\n"
     ]
    }
   ],
   "source": [
    "import numpy as np\n",
    "\n",
    "N, D = 5, 128\n",
    "X = np.random.randn(N, D)\n",
    "\n",
    "# 1) Gram matrix\n",
    "G = X @ X.T  # (N, N)\n",
    "\n",
    "# 2) Cosine similarity\n",
    "norms = np.linalg.norm(X, axis=1, keepdims=True)\n",
    "S_cos = (X @ X.T) / (norms @ norms.T + 1e-12)\n",
    "\n",
    "print(\"Gram matrix:\\n\", G)\n",
    "print(\"Cosine similarity:\\n\", S_cos)\n"
   ]
  },
  {
   "cell_type": "code",
   "execution_count": 7,
   "id": "8306c8bc",
   "metadata": {},
   "outputs": [
    {
     "data": {
      "text/plain": [
       "array([[10.86640283],\n",
       "       [10.95570056],\n",
       "       [10.51119711],\n",
       "       [ 9.12472558],\n",
       "       [10.79743484]])"
      ]
     },
     "execution_count": 7,
     "metadata": {},
     "output_type": "execute_result"
    }
   ],
   "source": [
    "norms"
   ]
  },
  {
   "cell_type": "code",
   "execution_count": 4,
   "id": "e430d050",
   "metadata": {},
   "outputs": [
    {
     "name": "stdout",
     "output_type": "stream",
     "text": [
      "Gram matrix:\n",
      " tensor([[ 1.0000,  0.0469,  0.1501, -0.0599, -0.0170],\n",
      "        [ 0.0469,  1.0000, -0.1736, -0.1733,  0.1302],\n",
      "        [ 0.1501, -0.1736,  1.0000, -0.0074,  0.0118],\n",
      "        [-0.0599, -0.1733, -0.0074,  1.0000,  0.0190],\n",
      "        [-0.0170,  0.1302,  0.0118,  0.0190,  1.0000]])\n",
      "Cosine similarity:\n",
      " tensor([[ 1.0000,  0.0778, -0.0053, -0.0173,  0.0758],\n",
      "        [ 0.0778,  1.0000, -0.1807, -0.0248, -0.1515],\n",
      "        [-0.0053, -0.1807,  1.0000, -0.0094,  0.0923],\n",
      "        [-0.0173, -0.0248, -0.0094,  1.0000,  0.0309],\n",
      "        [ 0.0758, -0.1515,  0.0923,  0.0309,  1.0000]])\n",
      "Euclidean distances:\n",
      " tensor([[0.0000, 1.3807, 1.3037, 1.4560, 1.4262],\n",
      "        [1.3807, 0.0000, 1.5321, 1.5318, 1.3190],\n",
      "        [1.3037, 1.5321, 0.0000, 1.4195, 1.4059],\n",
      "        [1.4560, 1.5318, 1.4195, 0.0000, 1.4007],\n",
      "        [1.4262, 1.3190, 1.4059, 1.4007, 0.0000]])\n"
     ]
    }
   ],
   "source": [
    "import torch\n",
    "import torch.nn.functional as F\n",
    "\n",
    "# Suppose you already have a batch of embeddings from a model\n",
    "# shape: (N, D) = (num_items, embedding_dim)\n",
    "# e.g., random demo data:\n",
    "N, D = 5, 128\n",
    "X = F.normalize(torch.randn(N, D), p=2, dim=1)  # often embeddings are L2-normalized\n",
    "\n",
    "# 1) Gram matrix (inner products): G_ij = <x_i, x_j>\n",
    "G = X @ X.t()            # shape: (N, N)\n",
    "\n",
    "# 2) Cosine-similarity matrix: with L2-normalized rows, Gram == cosine\n",
    "# If X wasn't normalized, you can do:\n",
    "X_raw = torch.randn(N, D)\n",
    "X_unit = F.normalize(X_raw, p=2, dim=1)\n",
    "S_cos = X_unit @ X_unit.t()\n",
    "\n",
    "# 3) If you want Euclidean distances too (not a Gram matrix, but common for similarity):\n",
    "D_euc = torch.cdist(X, X, p=2)  # shape: (N, N)\n",
    "\n",
    "print(\"Gram matrix:\\n\", G)\n",
    "print(\"Cosine similarity:\\n\", S_cos)\n",
    "print(\"Euclidean distances:\\n\", D_euc)\n"
   ]
  },
  {
   "cell_type": "code",
   "execution_count": 5,
   "id": "6fa09ab0",
   "metadata": {},
   "outputs": [
    {
     "data": {
      "text/plain": [
       "array([[10.73627772],\n",
       "       [12.11478442],\n",
       "       [12.8532105 ],\n",
       "       [12.26659525],\n",
       "       [11.73652804]])"
      ]
     },
     "execution_count": 5,
     "metadata": {},
     "output_type": "execute_result"
    }
   ],
   "source": [
    "norms"
   ]
  },
  {
   "cell_type": "code",
   "execution_count": null,
   "id": "ca22869f",
   "metadata": {},
   "outputs": [],
   "source": []
  }
 ],
 "metadata": {
  "kernelspec": {
   "display_name": "gis_env",
   "language": "python",
   "name": "python3"
  },
  "language_info": {
   "codemirror_mode": {
    "name": "ipython",
    "version": 3
   },
   "file_extension": ".py",
   "mimetype": "text/x-python",
   "name": "python",
   "nbconvert_exporter": "python",
   "pygments_lexer": "ipython3",
   "version": "3.10.13"
  }
 },
 "nbformat": 4,
 "nbformat_minor": 5
}
